0,1.09609e+09
250,1.09609e+09
500,1.09609e+09
750,1.09609e+09
1000,1.09609e+09
1250,1.081e+09
1500,9.49767e+08
1750,8.72755e+08
2000,6.85832e+08
2250,6.3314e+08
2500,6.02556e+08
2750,5.44974e+08
3000,4.53449e+08
3250,3.57998e+08
3500,3.15376e+08
3750,3.15376e+08
4000,2.76885e+08
4250,2.51104e+08
4500,2.2356e+08
4750,2.09761e+08
5000,1.79879e+08
5250,1.68455e+08
5500,1.48676e+08
5750,1.28697e+08
6000,1.18219e+08
6250,1.14531e+08
6500,9.74476e+07
6750,9.51249e+07
7000,8.34345e+07
7250,7.69843e+07
7500,7.0347e+07
7750,6.74904e+07
8000,6.16963e+07
8250,5.853e+07
8500,5.26202e+07
8750,5.05027e+07
9000,4.72841e+07
9250,4.52018e+07
9500,4.24002e+07
9750,4.01917e+07
10000,3.86996e+07
10250,3.66508e+07
10500,3.51771e+07
10750,3.2855e+07
11000,3.18497e+07
11250,3.00888e+07
11500,2.91255e+07
11750,2.77936e+07
12000,2.65867e+07
12250,2.55378e+07
12500,2.43369e+07
12750,2.37301e+07
13000,2.26792e+07
13250,2.15207e+07
13500,2.07621e+07
13750,1.96507e+07
14000,1.80213e+07
14250,1.54442e+07
14500,1.32512e+07
14750,1.1524e+07
15000,1.05936e+07
15250,9.53088e+06
15500,8.81964e+06
15750,8.34725e+06
16000,7.92611e+06
16250,7.44217e+06
16500,6.72438e+06
16750,6.21092e+06
17000,5.80473e+06
17250,5.40501e+06
17500,4.99582e+06
17750,4.66032e+06
18000,4.36695e+06
18250,4.09931e+06
18500,3.90664e+06
18750,3.69623e+06
19000,3.49602e+06
19250,3.37056e+06
19500,3.23988e+06
19750,3.10439e+06
20000,2.98915e+06
20250,2.9072e+06
20500,2.83256e+06
20750,2.74947e+06
21000,2.67796e+06
21250,2.61171e+06
21500,2.54426e+06
21750,2.4857e+06
22000,2.42768e+06
22250,2.3669e+06
22500,2.31612e+06
22750,2.27017e+06
23000,2.22486e+06
23250,2.18278e+06
23500,2.14555e+06
23750,2.11017e+06
24000,2.07763e+06
24250,2.04827e+06
24500,2.02037e+06
24750,1.99329e+06
25000,1.9701e+06
25250,1.94686e+06
25500,1.92687e+06
25750,1.90774e+06
26000,1.89036e+06
26250,1.87419e+06
26500,1.85914e+06
26750,1.84465e+06
27000,1.83042e+06
27250,1.81787e+06
27500,1.80542e+06
27750,1.79385e+06
28000,1.783e+06
28250,1.77258e+06
28500,1.76311e+06
28750,1.75429e+06
29000,1.7459e+06
29250,1.73838e+06
29500,1.73137e+06
29750,1.72502e+06
30000,1.71886e+06
30250,1.71318e+06
30500,1.70782e+06
30750,1.70292e+06
31000,1.69853e+06
31250,1.69429e+06
31500,1.69038e+06
31750,1.68668e+06
32000,1.68318e+06
32250,1.68002e+06
32500,1.67711e+06
32750,1.67444e+06
33000,1.67203e+06
33250,1.66968e+06
33500,1.66755e+06
33750,1.66561e+06
34000,1.6638e+06
34250,1.66214e+06
34500,1.66063e+06
34750,1.65919e+06
35000,1.65787e+06
35250,1.65664e+06
35500,1.65549e+06
35750,1.65444e+06
36000,1.65346e+06
36250,1.65252e+06
36500,1.65168e+06
36750,1.6509e+06
37000,1.65019e+06
37250,1.64954e+06
37500,1.64892e+06
37750,1.64833e+06
38000,1.64779e+06
38250,1.6473e+06
38500,1.64683e+06
38750,1.6464e+06
39000,1.646e+06
39250,1.64562e+06
39500,1.64529e+06
39750,1.64498e+06
40000,1.64469e+06
40250,1.64441e+06
40500,1.64416e+06
40750,1.64393e+06
41000,1.64372e+06
41250,1.64352e+06
41500,1.64333e+06
41750,1.64316e+06
42000,1.643e+06
42250,1.64285e+06
42500,1.64271e+06
42750,1.64258e+06
43000,1.64246e+06
43250,1.64235e+06
43500,1.64225e+06
43750,1.64216e+06
44000,1.64207e+06
44250,1.64198e+06
44500,1.64191e+06
44750,1.64184e+06
45000,1.64177e+06
45250,1.64171e+06
45500,1.64166e+06
45750,1.64161e+06
46000,1.64156e+06
46250,1.64151e+06
46500,1.64147e+06
46750,1.64143e+06
47000,1.6414e+06
47250,1.64136e+06
47500,1.64133e+06
47750,1.6413e+06
48000,1.64128e+06
48250,1.64125e+06
48500,1.64123e+06
48750,1.64121e+06
49000,1.64119e+06
49250,1.64117e+06
49500,1.64116e+06
49750,1.64114e+06
50000,1.64112e+06
50250,1.64111e+06
50500,1.6411e+06
50750,1.64109e+06
51000,1.64108e+06
51250,1.64107e+06
51500,1.64106e+06
51750,1.64105e+06
52000,1.64104e+06
52250,1.64103e+06
52500,1.64103e+06
52750,1.64102e+06
53000,1.64101e+06
53250,1.64101e+06
53500,1.641e+06
53750,1.641e+06
54000,1.64099e+06
54250,1.64099e+06
54500,1.64099e+06
54750,1.64098e+06
55000,1.64098e+06
55250,1.64098e+06
55500,1.64097e+06
55750,1.64097e+06
56000,1.64097e+06
56250,1.64097e+06
56500,1.64096e+06
56750,1.64096e+06
57000,1.64096e+06
57250,1.64096e+06
57500,1.64096e+06
57750,1.64096e+06
58000,1.64095e+06
58250,1.64095e+06
58500,1.64095e+06
58750,1.64095e+06
59000,1.64095e+06
59250,1.64095e+06
59500,1.64095e+06
59750,1.64095e+06
60000,1.64095e+06
60250,1.64095e+06
60500,1.64095e+06
60750,1.64094e+06
61000,1.64094e+06
61250,1.64094e+06
61500,1.64094e+06
61750,1.64094e+06
62000,1.64094e+06
62250,1.64094e+06
62500,1.64094e+06
62750,1.64094e+06
63000,1.64094e+06
63250,1.64094e+06
63500,1.64094e+06
63750,1.64094e+06
64000,1.64094e+06
64250,1.64094e+06
64500,1.64094e+06
64750,1.64094e+06
65000,1.64094e+06
65250,1.64094e+06
65500,1.64094e+06
65750,1.64094e+06
66000,1.64094e+06
66250,1.64094e+06
66500,1.64094e+06
66750,1.64094e+06
67000,1.64094e+06
67250,1.64094e+06
67500,1.64094e+06
67750,1.64094e+06
68000,1.64094e+06
68250,1.64094e+06
68500,1.64094e+06
68750,1.64094e+06
69000,1.64094e+06
69250,1.64094e+06
69500,1.64094e+06
69750,1.64094e+06
70000,1.64094e+06
70250,1.64094e+06
70500,1.64094e+06
70750,1.64094e+06
71000,1.64094e+06
71250,1.64094e+06
71500,1.64094e+06
71750,1.64094e+06
72000,1.64094e+06
72250,1.64094e+06
72500,1.64094e+06
72750,1.64094e+06
73000,1.64094e+06
73250,1.64094e+06
73500,1.64094e+06
73750,1.64094e+06
74000,1.64094e+06
74250,1.64094e+06
74500,1.64094e+06
74750,1.64094e+06
75000,1.64094e+06
75250,1.64094e+06
75500,1.64094e+06
75750,1.64094e+06
76000,1.64094e+06
76250,1.64094e+06
76500,1.64094e+06
76750,1.64094e+06
77000,1.64094e+06
77250,1.64094e+06
77500,1.64094e+06
77750,1.64094e+06
78000,1.64094e+06
78250,1.64094e+06
78500,1.64094e+06
78750,1.64094e+06
79000,1.64094e+06
79250,1.64094e+06
79500,1.64094e+06
79750,1.64094e+06
80000,1.64094e+06
80250,1.64094e+06
80500,1.64094e+06
80750,1.64094e+06
81000,1.64094e+06
81250,1.64094e+06
81500,1.64094e+06
81750,1.64094e+06
82000,1.64094e+06
82250,1.64094e+06
82500,1.64094e+06
82750,1.64094e+06
83000,1.64094e+06
83250,1.64094e+06
83500,1.64094e+06
83750,1.64094e+06
84000,1.64094e+06
84250,1.64094e+06
84500,1.64094e+06
84750,1.64094e+06
85000,1.64094e+06
85250,1.64094e+06
85500,1.64094e+06
85750,1.64094e+06
86000,1.64094e+06
86250,1.64094e+06
86500,1.64094e+06
86750,1.64094e+06
87000,1.64094e+06
87250,1.64094e+06
87500,1.64094e+06
87750,1.64094e+06
88000,1.64094e+06
88250,1.64094e+06
88500,1.64094e+06
88750,1.64094e+06
89000,1.64094e+06
89250,1.64094e+06
89500,1.64094e+06
89750,1.64094e+06
90000,1.64094e+06
90250,1.64094e+06
90500,1.64094e+06
90750,1.64094e+06
91000,1.64094e+06
91250,1.64094e+06
91500,1.64094e+06
91750,1.64094e+06
92000,1.64094e+06
92250,1.64094e+06
92500,1.64094e+06
92750,1.64094e+06
93000,1.64094e+06
93250,1.64094e+06
93500,1.64094e+06
93750,1.64094e+06
94000,1.64094e+06
94250,1.64094e+06
94500,1.64094e+06
94750,1.64094e+06
95000,1.64094e+06
95250,1.64094e+06
95500,1.64094e+06
95750,1.64094e+06
96000,1.64094e+06
96250,1.64094e+06
96500,1.64094e+06
96750,1.64094e+06
97000,1.64094e+06
97250,1.64094e+06
97500,1.64094e+06
97750,1.64094e+06
98000,1.64094e+06
98250,1.64094e+06
98500,1.64094e+06
98750,1.64094e+06
99000,1.64094e+06
99250,1.64094e+06
99500,1.64094e+06
99750,1.64094e+06
Function Value: 1.64094e+06
0,1.60959e+10
250,1.60959e+10
500,1.60959e+10
750,1.60959e+10
1000,1.60959e+10
1250,1.60959e+10
1500,1.60959e+10
1750,1.60959e+10
2000,1.41661e+10
2250,1.19021e+10
2500,1.01642e+10
2750,8.69258e+09
3000,7.12404e+09
3250,6.34448e+09
3500,5.41147e+09
3750,4.45413e+09
4000,4.05304e+09
4250,3.5915e+09
4500,2.90743e+09
4750,2.56991e+09
5000,2.28511e+09
5250,1.97709e+09
5500,1.68511e+09
5750,1.27624e+09
6000,1.13114e+09
6250,1.06514e+09
6500,8.98793e+08
6750,8.10128e+08
7000,6.68056e+08
7250,5.8519e+08
7500,4.90661e+08
7750,4.31617e+08
8000,3.77007e+08
8250,3.34478e+08
8500,2.58584e+08
8750,2.28677e+08
9000,1.96925e+08
9250,1.72041e+08
9500,1.53536e+08
9750,1.24511e+08
10000,1.12682e+08
10250,9.54878e+07
10500,8.00353e+07
10750,7.20861e+07
11000,5.81904e+07
11250,5.3856e+07
11500,4.06705e+07
11750,3.75745e+07
12000,3.34323e+07
12250,2.93877e+07
12500,2.52522e+07
12750,2.23419e+07
13000,1.84083e+07
13250,1.62792e+07
13500,1.36835e+07
13750,1.16422e+07
14000,1.00903e+07
14250,8.51498e+06
14500,7.53709e+06
14750,6.19795e+06
15000,5.58645e+06
15250,4.61395e+06
15500,3.97313e+06
15750,3.82572e+06
16000,3.0322e+06
16250,2.59216e+06
16500,2.37799e+06
16750,1.98796e+06
17000,1.6717e+06
17250,1.37765e+06
17500,1.24605e+06
17750,1.05836e+06
18000,918063
18250,764612
18500,627711
18750,570123
19000,514708
19250,449436
19500,377414
19750,305221
20000,280304
20250,220363
20500,197125
20750,177725
21000,155361
21250,129180
21500,116082
21750,97920.5
22000,79710.1
22250,66630.4
22500,60399.4
22750,52942.5
23000,45482.8
23250,37223.9
23500,34151.4
23750,28920.4
24000,25615.4
24250,22532
24500,18327.3
24750,16916.9
25000,13743.2
25250,11923.4
25500,9962.79
25750,8997.32
26000,7054.08
26250,6538.03
26500,5401.5
26750,5120.78
27000,4228.25
27250,3649.59
27500,3160.86
27750,2721
28000,2219.3
28250,1838.36
28500,1768.09
28750,1557.27
29000,1195.38
29250,1119.32
29500,887.045
29750,787.642
30000,657.296
30250,598.531
30500,540.367
30750,450.017
31000,402.69
31250,345.436
31500,323.073
31750,248.066
32000,228.255
32250,183.662
32500,160.074
32750,145.36
33000,128.857
33250,112.525
33500,93.8408
33750,85.1453
34000,77.0716
34250,66.3905
34500,58.828
34750,53.5904
35000,46.618
35250,40.0819
35500,38.8603
35750,33.1684
36000,31.1825
36250,28.4564
36500,26.7357
36750,23.5841
37000,21.9761
37250,20.9292
37500,20.2968
37750,18.8052
38000,17.6992
38250,17.0243
38500,16.6258
38750,15.9603
39000,15.3157
39250,14.9572
39500,14.5287
39750,14.2491
40000,14.0237
40250,13.7147
40500,13.5451
40750,13.3808
41000,13.1431
41250,13.0357
41500,12.9823
41750,12.8485
42000,12.7941
42250,12.6999
42500,12.6369
42750,12.5781
43000,12.5308
43250,12.4992
43500,12.4565
43750,12.4398
44000,12.407
44250,12.3924
44500,12.3674
44750,12.3498
45000,12.3363
45250,12.33
45500,12.3167
45750,12.3054
46000,12.3008
46250,12.2915
46500,12.2857
46750,12.282
47000,12.279
47250,12.2765
47500,12.273
47750,12.2701
48000,12.2671
48250,12.2653
48500,12.2638
48750,12.2624
49000,12.2614
49250,12.2601
49500,12.2589
49750,12.2584
50000,12.2577
50250,12.2569
50500,12.2565
50750,12.256
51000,12.2553
51250,12.255
51500,12.2548
51750,12.2546
52000,12.2543
52250,12.2541
52500,12.2539
52750,12.2537
53000,12.2535
53250,12.2534
53500,12.2533
53750,12.2532
54000,12.253
54250,12.2529
54500,12.2528
54750,12.2528
55000,12.2527
55250,12.2526
55500,12.2525
55750,12.2525
56000,12.2524
56250,12.2524
56500,12.2523
56750,12.2522
57000,12.2521
57250,12.252
57500,12.2517
57750,12.2483
58000,12.237
58250,12.2148
58500,12.1825
58750,12.1397
59000,12.0851
59250,12.0217
59500,11.9501
59750,11.8699
60000,11.7826
60250,11.693
60500,11.5985
60750,11.5009
61000,11.4034
61250,11.3062
61500,11.2105
61750,11.1168
62000,11.0256
62250,10.9382
62500,10.8542
62750,10.7726
63000,10.6949
63250,10.622
63500,10.5533
63750,10.4889
64000,10.4275
64250,10.3707
64500,10.3177
64750,10.2698
65000,10.2235
65250,10.1807
65500,10.1419
65750,10.1066
66000,10.074
66250,10.0434
66500,10.0148
66750,9.98928
67000,9.96587
67250,9.94396
67500,9.92402
67750,9.9065
68000,9.88996
68250,9.87442
68500,9.86036
68750,9.84753
69000,9.83591
69250,9.82545
69500,9.81577
69750,9.80692
70000,9.79897
70250,9.79155
70500,9.78477
70750,9.77849
71000,9.7728
71250,9.76772
71500,9.76285
71750,9.75844
72000,9.75431
72250,9.75062
72500,9.74723
72750,9.74411
73000,9.74126
73250,9.73866
73500,9.73631
73750,9.73412
74000,9.73207
74250,9.73022
74500,9.72853
74750,9.727
75000,9.7256
75250,9.72431
75500,9.72312
75750,9.72201
76000,9.72101
76250,9.72006
76500,9.71922
76750,9.71843
77000,9.7177
77250,9.71702
77500,9.7164
77750,9.71584
78000,9.71532
78250,9.71485
78500,9.7144
78750,9.71398
79000,9.71359
79250,9.71324
79500,9.71292
79750,9.71263
80000,9.71235
80250,9.71211
80500,9.71188
80750,9.71167
81000,9.71147
81250,9.71129
81500,9.71112
81750,9.71096
82000,9.71082
82250,9.71069
82500,9.71057
82750,9.71046
83000,9.71035
83250,9.71025
83500,9.71016
83750,9.71008
84000,9.71001
84250,9.70994
84500,9.70987
84750,9.70981
85000,9.70975
85250,9.7097
85500,9.70966
85750,9.70961
86000,9.70957
86250,9.70953
86500,9.7095
86750,9.70946
87000,9.70943
87250,9.7094
87500,9.70938
87750,9.70935
88000,9.70933
88250,9.70931
88500,9.70929
88750,9.70927
89000,9.70926
89250,9.70924
89500,9.70923
89750,9.70921
90000,9.7092
90250,9.70919
90500,9.70918
90750,9.70917
91000,9.70916
91250,9.70915
91500,9.70915
91750,9.70914
92000,9.70913
92250,9.70913
92500,9.70912
92750,9.70911
93000,9.70911
93250,9.70911
93500,9.7091
93750,9.7091
94000,9.70909
94250,9.70909
94500,9.70909
94750,9.70908
95000,9.70908
95250,9.70908
95500,9.70908
95750,9.70907
96000,9.70907
96250,9.70907
96500,9.70907
96750,9.70907
97000,9.70907
97250,9.70906
97500,9.70906
97750,9.70906
98000,9.70906
98250,9.70906
98500,9.70906
98750,9.70906
99000,9.70906
99250,9.70906
99500,9.70906
99750,9.70906
Function Value: 9.70906
0,2.02998e+08
250,2.02998e+08
500,2.02998e+08
750,2.02998e+08
1000,2.02998e+08
1250,2.02998e+08
1500,2.02998e+08
1750,1.94419e+08
2000,1.78266e+08
2250,1.50716e+08
2500,1.21707e+08
2750,1.10102e+08
3000,8.8153e+07
3250,7.93991e+07
3500,7.15265e+07
3750,6.25327e+07
4000,5.25198e+07
4250,4.52544e+07
4500,3.80945e+07
4750,3.37948e+07
5000,2.82329e+07
5250,2.61572e+07
5500,2.10383e+07
5750,1.91396e+07
6000,1.57224e+07
6250,1.32868e+07
6500,1.24578e+07
6750,1.02538e+07
7000,8.34607e+06
7250,7.44062e+06
7500,6.34453e+06
7750,5.35736e+06
8000,4.53105e+06
8250,4.31466e+06
8500,3.69213e+06
8750,3.28273e+06
9000,2.59357e+06
9250,2.08246e+06
9500,1.96419e+06
9750,1.60515e+06
10000,1.43116e+06
10250,1.24648e+06
10500,1.07536e+06
10750,899847
11000,809415
11250,650118
11500,585681
11750,501083
12000,418703
12250,387916
12500,325153
12750,283126
13000,244433
13250,202542
13500,168534
13750,150146
14000,137676
14250,113961
14500,98232.5
14750,89515.3
15000,70254.1
15250,60841.5
15500,54617.1
15750,43890.5
16000,36313.5
16250,33413.7
16500,28470.7
16750,23911.2
17000,21223.7
17250,17905.5
17500,16410.6
17750,13465.3
18000,11832.3
18250,10023.2
18500,8517.86
18750,6814.47
19000,6308.89
19250,5768.17
19500,4959.98
19750,4442.36
20000,3868.32
20250,3322.24
20500,2865.82
20750,2577.01
21000,2105.32
21250,1950.24
21500,1772.9
21750,1510.08
22000,1314.69
22250,1187.75
22500,1080.2
22750,975.146
23000,839.633
23250,788.629
23500,664.606
23750,641.849
24000,607.239
24250,564.613
24500,527.656
24750,487.775
25000,459.922
25250,431.53
25500,414.964
25750,399.131
26000,375.579
26250,359.102
26500,351.6
26750,337.085
27000,333.532
27250,326.019
27500,320.696
27750,313.069
28000,307.737
28250,303.158
28500,301.622
28750,298.808
29000,295.849
29250,293.588
29500,292.179
29750,289.49
30000,287.855
30250,286.606
30500,285.642
30750,284.986
31000,283.773
31250,283.215
31500,282.575
31750,282.117
32000,281.466
32250,280.993
32500,280.713
32750,280.349
33000,280.097
33250,279.671
33500,279.462
33750,279.212
34000,279.032
34250,278.896
34500,278.752
34750,278.569
35000,278.363
35250,278.24
35500,278.132
35750,278.021
36000,277.888
36250,277.748
36500,277.66
36750,277.556
37000,277.414
37250,277.291
37500,277.17
37750,277.065
38000,276.904
38250,276.463
38500,272.641
38750,260.318
39000,239.681
39250,212.023
39500,180.606
39750,148.282
40000,119.025
40250,95.602
40500,78.4538
40750,66.4173
41000,58.8598
41250,54.5792
41500,52.2783
41750,51.2402
42000,50.8631
42250,50.7636
42500,50.7121
42750,50.5049
43000,49.7476
43250,48.2478
43500,46.0558
43750,43.2688
44000,40.0655
44250,36.5197
44500,33.0469
44750,29.7916
45000,26.8478
45250,24.3446
45500,22.306
45750,20.6457
46000,19.3746
46250,18.4277
46500,17.7394
46750,17.2447
47000,16.911
47250,16.6928
47500,16.5586
47750,16.4819
48000,16.4401
48250,16.4212
48500,16.4123
48750,16.4043
49000,16.385
49250,16.3474
49500,16.2878
49750,16.2054
50000,16.098
50250,15.9672
50500,15.8245
50750,15.6679
51000,15.4939
51250,15.3108
51500,15.1257
51750,14.9344
52000,14.7459
52250,14.5569
52500,14.3718
52750,14.1907
53000,14.0201
53250,13.8572
53500,13.698
53750,13.5466
54000,13.4038
54250,13.2717
54500,13.149
54750,13.0371
55000,12.9332
55250,12.8405
55500,12.7568
55750,12.6772
56000,12.6051
56250,12.5394
56500,12.4804
56750,12.4249
57000,12.3763
57250,12.3325
57500,12.2925
57750,12.2567
58000,12.2237
58250,12.1935
58500,12.1661
58750,12.1418
59000,12.1202
59250,12.1006
59500,12.0833
59750,12.068
60000,12.0532
60250,12.0402
60500,12.0284
60750,12.0177
61000,12.0082
61250,11.9994
61500,11.9916
61750,11.9846
62000,11.9783
62250,11.9724
62500,11.9673
62750,11.9626
63000,11.9583
63250,11.9544
63500,11.9509
63750,11.9476
64000,11.9448
64250,11.9423
64500,11.9399
64750,11.9378
65000,11.9358
65250,11.934
65500,11.9323
65750,11.9309
66000,11.9295
66250,11.9283
66500,11.9272
66750,11.9261
67000,11.9252
67250,11.9244
67500,11.9236
67750,11.9229
68000,11.9222
68250,11.9216
68500,11.9211
68750,11.9206
69000,11.9202
69250,11.9198
69500,11.9194
69750,11.919
70000,11.9187
70250,11.9184
70500,11.9181
70750,11.9179
71000,11.9177
71250,11.9174
71500,11.9173
71750,11.9171
72000,11.9169
72250,11.9168
72500,11.9166
72750,11.9165
73000,11.9164
73250,11.9163
73500,11.9162
73750,11.9161
74000,11.916
74250,11.9159
74500,11.9159
74750,11.9158
75000,11.9157
75250,11.9157
75500,11.9156
75750,11.9156
76000,11.9155
76250,11.9155
76500,11.9154
76750,11.9154
77000,11.9154
77250,11.9154
77500,11.9153
77750,11.9153
78000,11.9153
78250,11.9153
78500,11.9152
78750,11.9152
79000,11.9152
79250,11.9152
79500,11.9152
79750,11.9152
80000,11.9151
80250,11.9151
80500,11.9151
80750,11.9151
81000,11.9151
81250,11.9151
81500,11.9151
81750,11.9151
82000,11.9151
82250,11.9151
82500,11.9151
82750,11.9151
83000,11.9151
83250,11.915
83500,11.915
83750,11.915
84000,11.915
84250,11.915
84500,11.915
84750,11.915
85000,11.915
85250,11.915
85500,11.915
85750,11.915
86000,11.915
86250,11.915
86500,11.915
86750,11.915
87000,11.915
87250,11.915
87500,11.915
87750,11.915
88000,11.915
88250,11.915
88500,11.915
88750,11.915
89000,11.915
89250,11.915
89500,11.915
89750,11.915
90000,11.915
90250,11.915
90500,11.915
90750,11.915
91000,11.915
91250,11.915
91500,11.915
91750,11.915
92000,11.915
92250,11.915
92500,11.915
92750,11.915
93000,11.915
93250,11.915
93500,11.915
93750,11.915
94000,11.915
94250,11.915
94500,11.915
94750,11.915
95000,11.915
95250,11.915
95500,11.915
95750,11.915
96000,11.915
96250,11.915
96500,11.915
96750,11.915
97000,11.915
97250,11.915
97500,11.915
97750,11.915
98000,11.915
98250,11.915
98500,11.915
98750,11.915
99000,11.915
99250,11.915
99500,11.915
99750,11.915
Function Value: 11.915
0,44750.8
250,44750.8
500,44750.8
750,44750.8
1000,44750.8
1250,44750.8
1500,44750.8
1750,44750.8
2000,44750.8
2250,44750.8
2500,44750.8
2750,44750.8
3000,44750.8
3250,44750.8
3500,44750.8
3750,44750.8
4000,44750.8
4250,44750.8
4500,44750.8
4750,44750.8
5000,44750.8
5250,44750.8
5500,44750.8
5750,44750.8
6000,44750.8
6250,44750.8
6500,44750.8
6750,44750.8
7000,44750.8
7250,44750.8
7500,44750.8
7750,44750.8
8000,44750.8
8250,44750.8
8500,44750.8
8750,44750.8
9000,44750.8
9250,44750.8
9500,44750.8
9750,44750.8
10000,44750.8
10250,44750.8
10500,44750.8
10750,44750.8
11000,44750.8
11250,44750.8
11500,44750.8
11750,44750.8
12000,44750.8
12250,44750.8
12500,44750.8
12750,44750.8
13000,44750.8
13250,44750.8
13500,44750.8
13750,44750.8
14000,44750.8
14250,44750.8
14500,44750.8
14750,44750.8
15000,44750.8
15250,44750.8
15500,44750.8
15750,44750.8
16000,44750.8
16250,44750.8
16500,44750.8
16750,44750.8
17000,44750.8
17250,44750.8
17500,44750.8
17750,44750.8
18000,44750.8
18250,44750.8
18500,44750.8
18750,44750.8
19000,44750.8
19250,44750.8
19500,44750.8
19750,44750.8
20000,44750.8
20250,44750.8
20500,44750.8
20750,44750.8
21000,44750.8
21250,44750.8
21500,44750.8
21750,44750.8
22000,44750.8
22250,44750.8
22500,44750.8
22750,44750.8
23000,44750.8
23250,44750.8
23500,44750.8
23750,44750.8
24000,44750.8
24250,44750.8
24500,44750.8
24750,44750.8
25000,44750.8
25250,44750.8
25500,44750.8
25750,44750.8
26000,44750.8
26250,44750.8
26500,44750.8
26750,44750.8
27000,44750.8
27250,44750.8
27500,44750.8
27750,44750.8
28000,44750.8
28250,44750.8
28500,44750.8
28750,44750.8
29000,44750.8
29250,44750.8
29500,44750.8
29750,44750.8
30000,44750.8
30250,44750.8
30500,44750.8
30750,44750.8
31000,44750.8
31250,44750.8
31500,44750.8
31750,44750.8
32000,44750.8
32250,44750.8
32500,44750.8
32750,44750.8
33000,44750.8
33250,44750.8
33500,44750.8
33750,44750.8
34000,44750.8
34250,44750.8
34500,44750.8
34750,44750.8
35000,44750.8
35250,44750.8
35500,44750.8
35750,44750.8
36000,44750.8
36250,44750.8
36500,44750.8
36750,44750.8
37000,44750.8
37250,44750.8
37500,44750.8
37750,44750.8
38000,44750.8
38250,44750.8
38500,44750.8
38750,44750.8
39000,44750.8
39250,44750.8
39500,44750.8
39750,44750.8
40000,44750.8
40250,44750.8
40500,44750.8
40750,44750.8
41000,44750.8
41250,44750.8
41500,44750.8
41750,44750.8
42000,44750.8
42250,44750.8
42500,44750.8
42750,44750.8
43000,44750.8
43250,44750.8
43500,44750.8
43750,44750.8
44000,44750.8
44250,44750.8
44500,44750.8
44750,44750.8
45000,44750.8
45250,44750.8
45500,44750.8
45750,44750.8
46000,44750.8
46250,44750.8
46500,44750.8
46750,44750.8
47000,44750.8
47250,44750.8
47500,44750.8
47750,44750.8
48000,44750.8
48250,44750.8
48500,44750.8
48750,44750.8
49000,44750.8
49250,44750.8
49500,44750.8
49750,44750.8
50000,44750.8
50250,44750.8
50500,44750.8
50750,44750.8
51000,44750.8
51250,44750.8
51500,44750.8
51750,44750.8
52000,44750.8
52250,44750.8
52500,44750.8
52750,44750.8
53000,44750.8
53250,44750.8
53500,44750.8
53750,44750.8
54000,44750.8
54250,44750.8
54500,44750.8
54750,44750.8
55000,44750.8
55250,44750.8
55500,44750.8
55750,44750.8
56000,44750.8
56250,44750.8
56500,44750.8
56750,44750.8
57000,44750.8
57250,44750.8
57500,44750.8
57750,44750.8
58000,44750.8
58250,44750.8
58500,44750.8
58750,44750.8
59000,44750.8
59250,44750.8
59500,44750.8
59750,44750.8
60000,44750.8
60250,44750.8
60500,44750.8
60750,44750.8
61000,44750.8
61250,44750.8
61500,44750.8
61750,44750.8
62000,44750.8
62250,44750.8
62500,44750.8
62750,44750.8
63000,44750.8
63250,44750.8
63500,44750.8
63750,44750.8
64000,44750.8
64250,44750.8
64500,44750.8
64750,44750.8
65000,44750.8
65250,44750.8
65500,44750.8
65750,44750.8
66000,44750.8
66250,44750.8
66500,44750.8
66750,44750.8
67000,44750.8
67250,44750.8
67500,44750.8
67750,44750.8
68000,44750.8
68250,44750.8
68500,44750.8
68750,44750.8
69000,44750.8
69250,44750.8
69500,44750.8
69750,44750.8
70000,44750.8
70250,44750.8
70500,44750.8
70750,44750.8
71000,44750.8
71250,44750.8
71500,44750.8
71750,44750.8
72000,44750.8
72250,44750.8
72500,44750.8
72750,44750.8
73000,44750.8
73250,44750.8
73500,44750.8
73750,44750.8
74000,44750.8
74250,44750.8
74500,44750.8
74750,44750.8
75000,44750.8
75250,44750.8
75500,44750.8
75750,44750.8
76000,44750.8
76250,44750.8
76500,44750.8
76750,44750.8
77000,44750.8
77250,44750.8
77500,44750.8
77750,44750.8
78000,44750.8
78250,44750.8
78500,44750.8
78750,44750.8
79000,44750.8
79250,44750.8
79500,44750.8
79750,44750.8
80000,44750.8
80250,44750.8
80500,44750.8
80750,44750.8
81000,44750.8
81250,44750.8
81500,44750.8
81750,44750.8
82000,44750.8
82250,44750.8
82500,44750.8
82750,44750.8
83000,44750.8
83250,44750.8
83500,44750.8
83750,44750.8
84000,44750.8
84250,44750.8
84500,44750.8
84750,44750.8
85000,44750.8
85250,44750.8
85500,44750.8
85750,44750.8
86000,44750.8
86250,44750.8
86500,44750.8
86750,44750.8
87000,44750.8
87250,44750.8
87500,44750.8
87750,44750.8
88000,44750.8
88250,44750.8
88500,44750.8
88750,44750.8
89000,44750.8
89250,44750.8
89500,44750.8
89750,44750.8
90000,44750.8
90250,44750.8
90500,44750.8
90750,44750.8
91000,44750.8
91250,44750.8
91500,44750.8
91750,44750.8
92000,44750.8
92250,44750.8
92500,44750.8
92750,44750.8
93000,44750.8
93250,44750.8
93500,44750.8
93750,44750.8
94000,44750.8
94250,44750.8
94500,44750.8
94750,44750.8
95000,44750.8
95250,44750.8
95500,44750.8
95750,44750.8
96000,44750.8
96250,44750.8
96500,44750.8
96750,44750.8
97000,44750.8
97250,44750.8
97500,44750.8
97750,44750.8
98000,44750.8
98250,44750.8
98500,44750.8
98750,44750.8
99000,44750.8
99250,44750.8
99500,44750.8
99750,44750.8
Function Value: 44750.8
0,7.72321e+10
250,7.72321e+10
500,7.72321e+10
750,7.72321e+10
1000,7.72321e+10
1250,7.72321e+10
1500,7.72321e+10
1750,7.72321e+10
2000,7.72321e+10
2250,6.87312e+10
2500,5.06338e+10
2750,3.61091e+10
3000,2.78233e+10
3250,2.21075e+10
3500,1.55339e+10
3750,1.20374e+10
4000,8.41482e+09
4250,6.92837e+09
4500,5.29209e+09
4750,3.4151e+09
5000,2.97008e+09
5250,1.97938e+09
5500,1.3508e+09
5750,1.17484e+09
6000,7.73414e+08
6250,6.29981e+08
6500,4.85006e+08
6750,3.2798e+08
7000,2.76134e+08
7250,2.08458e+08
7500,1.53599e+08
7750,1.14982e+08
8000,8.64985e+07
8250,6.65068e+07
8500,5.0386e+07
8750,4.08402e+07
9000,3.04275e+07
9250,2.4231e+07
9500,1.69641e+07
9750,1.33174e+07
10000,1.0065e+07
10250,8.09936e+06
10500,6.11062e+06
10750,4.72797e+06
11000,3.39121e+06
11250,2.98771e+06
11500,1.91598e+06
11750,1.60593e+06
12000,1.21676e+06
12250,961089
12500,757575
12750,608758
13000,427314
13250,301495
13500,245067
13750,191843
14000,137669
14250,111879
14500,78714.4
14750,58008.5
15000,46208.1
15250,36428.5
15500,27310.3
15750,19323.3
16000,13551.5
16250,10897.9
16500,8410.16
16750,5562.83
17000,4199.4
17250,3204.86
17500,2235.4
17750,1727.87
18000,1184.76
18250,981.276
18500,770.214
18750,542.742
19000,386.346
19250,290.375
19500,219.441
19750,168.717
20000,121.219
20250,90.6472
20500,67.4723
20750,50.5938
21000,35.3262
21250,28.8221
21500,20.513
21750,14.0252
22000,10.6304
22250,8.93567
22500,6.10498
22750,4.89959
23000,3.51018
23250,2.74121
23500,1.94121
23750,1.4923
24000,1.07674
24250,0.849355
24500,0.570882
24750,0.446409
25000,0.311647
25250,0.227362
25500,0.163584
25750,0.126599
26000,0.0924995
26250,0.0664154
26500,0.0498129
26750,0.0397069
27000,0.0294023
27250,0.0226106
27500,0.0163169
27750,0.0118968
28000,0.0081641
28250,0.00647719
28500,0.00488591
28750,0.00345403
29000,0.00256686
29250,0.00179672
29500,0.00137406
Function Value: 0.000966718
0,9.61367e+07
250,9.61367e+07
500,9.61367e+07
750,9.61367e+07
1000,9.61367e+07
1250,9.61367e+07
1500,9.61367e+07
1750,9.61367e+07
2000,9.61367e+07
2250,9.61367e+07
2500,7.10238e+07
2750,5.09613e+07
3000,3.71656e+07
3250,2.576e+07
3500,2.0109e+07
3750,1.22706e+07
4000,1.22706e+07
4250,8.83072e+06
4500,5.95006e+06
4750,4.42977e+06
5000,3.49326e+06
5250,2.40137e+06
5500,2.40137e+06
5750,1.67147e+06
6000,1.11061e+06
6250,914905
6500,696217
6750,476254
7000,359775
7250,297522
7500,197264
7750,158079
8000,119307
8250,98021.1
8500,74111.2
8750,63183.1
9000,45234.1
9250,36134.8
9500,31516.5
9750,24730.4
10000,17545.9
10250,16589.7
10500,12766.1
10750,10748.4
11000,8900.1
11250,7437.3
11500,6730.82
11750,5331.18
12000,4630.74
12250,3987.18
12500,3416.41
12750,2915.7
13000,2493.06
13250,2229.26
13500,1959.89
13750,1673.9
14000,1555.09
14250,1464.79
14500,1276.44
14750,1170.23
15000,1035.11
15250,973.149
15500,903.832
15750,836.133
16000,811.878
16250,773.443
16500,712.388
16750,691.873
17000,656.262
17250,632.402
17500,614.977
17750,595.395
18000,576.114
18250,576.114
18500,562.666
18750,550.898
19000,541.686
19250,535.563
19500,531.735
19750,524.555
20000,520.006
20250,516.123
20500,512.51
20750,509.757
21000,508.345
21250,505.501
21500,503.957
21750,502.521
22000,501.511
22250,499.681
22500,499.08
22750,497.784
23000,497.149
23250,496.185
23500,495.861
23750,495.377
24000,494.87
24250,494.461
24500,494.155
24750,493.915
25000,493.524
25250,493.379
25500,493.167
25750,493.034
26000,492.808
26250,492.636
26500,492.494
26750,492.417
27000,492.252
27250,492.152
27500,492.077
27750,491.964
28000,491.859
28250,491.781
28500,491.702
28750,491.604
29000,491.521
29250,491.433
29500,491.356
29750,491.268
30000,491.192
30250,491.065
30500,490.623
30750,489.667
31000,488.859
31250,488.119
31500,487.392
31750,486.665
32000,485.96
32250,485.285
32500,484.666
32750,484.02
33000,483.407
33250,482.814
33500,482.234
33750,481.698
34000,481.174
34250,480.683
34500,480.205
34750,479.726
35000,479.276
35250,478.843
35500,478.418
35750,478.024
36000,477.659
36250,477.285
36500,476.942
36750,476.604
37000,476.282
37250,475.992
37500,475.706
37750,475.425
38000,475.166
38250,474.916
38500,474.68
38750,474.445
39000,474.231
39250,474.03
39500,473.839
39750,473.649
40000,473.467
40250,473.304
40500,473.148
40750,473
41000,472.852
41250,472.709
41500,472.578
41750,472.458
42000,472.345
42250,472.237
42500,472.134
42750,472.027
43000,471.926
43250,471.832
43500,471.743
43750,471.665
44000,471.594
44250,471.528
44500,471.465
44750,471.404
45000,471.343
45250,471.283
45500,471.225
45750,471.167
46000,471.114
46250,471.065
46500,471.022
46750,470.981
47000,470.945
47250,470.913
47500,470.883
47750,470.855
48000,470.83
48250,470.805
48500,470.782
48750,470.759
49000,470.737
49250,470.717
49500,470.696
49750,470.676
50000,470.657
50250,470.638
50500,470.62
50750,470.604
51000,470.588
51250,470.574
51500,470.56
51750,470.547
52000,470.535
52250,470.525
52500,470.514
52750,470.505
53000,470.497
53250,470.489
53500,470.482
53750,470.476
54000,470.47
54250,470.464
54500,470.459
54750,470.455
55000,470.451
55250,470.447
55500,470.444
55750,470.44
56000,470.437
56250,470.434
56500,470.432
56750,470.43
57000,470.427
57250,470.425
57500,470.424
57750,470.422
58000,470.42
58250,470.419
58500,470.418
58750,470.416
59000,470.415
59250,470.414
59500,470.413
59750,470.412
60000,470.411
60250,470.41
60500,470.409
60750,470.409
61000,470.408
61250,470.407
61500,470.407
61750,470.406
62000,470.405
62250,470.405
62500,470.405
62750,470.404
63000,470.404
63250,470.403
63500,470.403
63750,470.403
64000,470.402
64250,470.402
64500,470.402
64750,470.402
65000,470.401
65250,470.401
65500,470.401
65750,470.401
66000,470.401
66250,470.4
66500,470.4
66750,470.4
67000,470.4
67250,470.4
67500,470.4
67750,470.4
68000,470.4
68250,470.399
68500,470.399
68750,470.399
69000,470.399
69250,470.399
69500,470.399
69750,470.399
70000,470.399
70250,470.399
70500,470.399
70750,470.399
71000,470.399
71250,470.399
71500,470.399
71750,470.399
72000,470.399
72250,470.399
72500,470.399
72750,470.399
73000,470.399
73250,470.399
73500,470.399
73750,470.399
74000,470.399
74250,470.399
74500,470.398
74750,470.398
75000,470.398
75250,470.398
75500,470.398
75750,470.398
76000,470.398
76250,470.398
76500,470.398
76750,470.398
77000,470.398
77250,470.398
77500,470.398
77750,470.398
78000,470.398
78250,470.398
78500,470.398
78750,470.398
79000,470.398
79250,470.398
79500,470.398
79750,470.398
80000,470.398
80250,470.398
80500,470.398
80750,470.398
81000,470.398
81250,470.398
81500,470.398
81750,470.398
82000,470.398
82250,470.398
82500,470.398
82750,470.398
83000,470.398
83250,470.398
83500,470.398
83750,470.398
84000,470.398
84250,470.398
84500,470.398
84750,470.398
85000,470.398
85250,470.398
85500,470.398
85750,470.398
86000,470.398
86250,470.398
86500,470.398
86750,470.398
87000,470.398
87250,470.398
87500,470.398
87750,470.398
88000,470.398
88250,470.398
88500,470.398
88750,470.398
89000,470.398
89250,470.398
89500,470.398
89750,470.398
90000,470.398
90250,470.398
90500,470.398
90750,470.398
91000,470.398
91250,470.398
91500,470.398
91750,470.398
92000,470.398
92250,470.398
92500,470.398
92750,470.398
93000,470.398
93250,470.398
93500,470.398
93750,470.398
94000,470.398
94250,470.398
94500,470.398
94750,470.398
95000,470.398
95250,470.398
95500,470.398
95750,470.398
96000,470.398
96250,470.398
96500,470.398
96750,470.398
97000,470.398
97250,470.398
97500,470.398
97750,470.398
98000,470.398
98250,470.398
98500,470.398
98750,470.398
99000,470.398
99250,470.398
99500,470.398
99750,470.398
Function Value: 470.398
