0,1.04283e+09
250,1.04283e+09
500,1.04283e+09
750,1.04283e+09
1000,1.04283e+09
1250,1.04283e+09
1500,9.88858e+08
1750,8.24648e+08
2000,7.388e+08
2250,6.63838e+08
2500,5.98061e+08
2750,5.12079e+08
3000,4.6376e+08
3250,4.29565e+08
3500,3.40587e+08
3750,3.19199e+08
4000,2.91148e+08
4250,2.67846e+08
4500,2.35572e+08
4750,2.13486e+08
5000,1.77618e+08
5250,1.6047e+08
5500,1.48854e+08
5750,1.27976e+08
6000,1.20788e+08
6250,1.1459e+08
6500,1.0197e+08
6750,9.08498e+07
7000,8.84917e+07
7250,7.75138e+07
7500,7.24679e+07
7750,6.87022e+07
8000,6.42729e+07
8250,6.22091e+07
8500,5.87297e+07
8750,5.32292e+07
9000,5.12734e+07
9250,4.82387e+07
9500,4.58022e+07
9750,4.23764e+07
10000,4.08061e+07
10250,3.77087e+07
10500,3.60334e+07
10750,3.42304e+07
11000,3.28616e+07
11250,3.14947e+07
11500,3.07296e+07
11750,2.92566e+07
12000,2.81645e+07
12250,2.67145e+07
12500,2.57941e+07
12750,2.48473e+07
13000,2.40797e+07
13250,2.28648e+07
13500,2.21617e+07
13750,2.08817e+07
14000,1.89258e+07
14250,1.56728e+07
14500,1.32752e+07
14750,1.1876e+07
15000,1.09426e+07
15250,9.98717e+06
15500,9.19034e+06
15750,8.49281e+06
16000,7.96128e+06
16250,7.33555e+06
16500,6.69964e+06
16750,6.19438e+06
17000,5.80273e+06
17250,5.46037e+06
17500,5.17983e+06
17750,4.91264e+06
18000,4.59429e+06
18250,4.33416e+06
18500,4.08784e+06
18750,3.89524e+06
19000,3.69214e+06
19250,3.50498e+06
19500,3.36806e+06
19750,3.23136e+06
20000,3.10572e+06
20250,2.99124e+06
20500,2.88622e+06
20750,2.80127e+06
21000,2.71234e+06
21250,2.64048e+06
21500,2.56591e+06
21750,2.50522e+06
22000,2.45169e+06
22250,2.40686e+06
22500,2.35907e+06
22750,2.31773e+06
23000,2.27665e+06
23250,2.24063e+06
23500,2.20526e+06
23750,2.17336e+06
24000,2.14317e+06
24250,2.11573e+06
24500,2.08943e+06
24750,2.06506e+06
25000,2.04095e+06
25250,2.01799e+06
25500,1.99733e+06
25750,1.97695e+06
26000,1.95796e+06
26250,1.93961e+06
26500,1.92207e+06
26750,1.90616e+06
27000,1.89186e+06
27250,1.87801e+06
27500,1.86585e+06
27750,1.85487e+06
28000,1.84457e+06
28250,1.83473e+06
28500,1.82647e+06
28750,1.81847e+06
29000,1.81142e+06
29250,1.80485e+06
29500,1.79862e+06
29750,1.79277e+06
30000,1.78737e+06
30250,1.78245e+06
30500,1.77785e+06
30750,1.77346e+06
31000,1.76951e+06
31250,1.76577e+06
31500,1.76228e+06
31750,1.75896e+06
32000,1.75593e+06
32250,1.75313e+06
32500,1.75056e+06
32750,1.74815e+06
33000,1.74588e+06
33250,1.74382e+06
33500,1.74194e+06
33750,1.7402e+06
34000,1.73856e+06
34250,1.73702e+06
34500,1.73562e+06
34750,1.73433e+06
35000,1.73314e+06
35250,1.73204e+06
35500,1.73099e+06
35750,1.73007e+06
36000,1.7292e+06
36250,1.72838e+06
36500,1.72765e+06
36750,1.72695e+06
37000,1.72628e+06
37250,1.72567e+06
37500,1.7251e+06
37750,1.72457e+06
38000,1.72408e+06
38250,1.72363e+06
38500,1.72322e+06
38750,1.72285e+06
39000,1.72249e+06
39250,1.72215e+06
39500,1.72183e+06
39750,1.72154e+06
40000,1.72127e+06
40250,1.72102e+06
40500,1.72078e+06
40750,1.72057e+06
41000,1.72037e+06
41250,1.72017e+06
41500,1.72001e+06
41750,1.71985e+06
42000,1.71969e+06
42250,1.71956e+06
42500,1.71943e+06
42750,1.71931e+06
43000,1.7192e+06
43250,1.71909e+06
43500,1.719e+06
43750,1.71891e+06
44000,1.71882e+06
44250,1.71875e+06
44500,1.71868e+06
44750,1.71861e+06
45000,1.71855e+06
45250,1.7185e+06
45500,1.71844e+06
45750,1.71839e+06
46000,1.71835e+06
46250,1.71831e+06
46500,1.71827e+06
46750,1.71823e+06
47000,1.7182e+06
47250,1.71817e+06
47500,1.71814e+06
47750,1.71811e+06
48000,1.71809e+06
48250,1.71806e+06
48500,1.71804e+06
48750,1.71802e+06
49000,1.718e+06
49250,1.71799e+06
49500,1.71797e+06
49750,1.71795e+06
50000,1.71794e+06
50250,1.71793e+06
50500,1.71792e+06
50750,1.7179e+06
51000,1.71789e+06
51250,1.71788e+06
51500,1.71788e+06
51750,1.71787e+06
52000,1.71786e+06
52250,1.71785e+06
52500,1.71785e+06
52750,1.71784e+06
53000,1.71783e+06
53250,1.71783e+06
53500,1.71782e+06
53750,1.71782e+06
54000,1.71782e+06
54250,1.71781e+06
54500,1.71781e+06
54750,1.7178e+06
55000,1.7178e+06
55250,1.7178e+06
55500,1.7178e+06
55750,1.71779e+06
56000,1.71779e+06
56250,1.71779e+06
56500,1.71779e+06
56750,1.71779e+06
57000,1.71778e+06
57250,1.71778e+06
57500,1.71778e+06
57750,1.71778e+06
58000,1.71778e+06
58250,1.71778e+06
58500,1.71778e+06
58750,1.71777e+06
59000,1.71777e+06
59250,1.71777e+06
59500,1.71777e+06
59750,1.71777e+06
60000,1.71777e+06
60250,1.71777e+06
60500,1.71777e+06
60750,1.71777e+06
61000,1.71777e+06
61250,1.71777e+06
61500,1.71777e+06
61750,1.71777e+06
62000,1.71777e+06
62250,1.71777e+06
62500,1.71777e+06
62750,1.71777e+06
63000,1.71777e+06
63250,1.71777e+06
63500,1.71776e+06
63750,1.71776e+06
64000,1.71776e+06
64250,1.71776e+06
64500,1.71776e+06
64750,1.71776e+06
65000,1.71776e+06
65250,1.71776e+06
65500,1.71776e+06
65750,1.71776e+06
66000,1.71776e+06
66250,1.71776e+06
66500,1.71776e+06
66750,1.71776e+06
67000,1.71776e+06
67250,1.71776e+06
67500,1.71776e+06
67750,1.71776e+06
68000,1.71776e+06
68250,1.71776e+06
68500,1.71776e+06
68750,1.71776e+06
69000,1.71776e+06
69250,1.71776e+06
69500,1.71776e+06
69750,1.71776e+06
70000,1.71776e+06
70250,1.71776e+06
70500,1.71776e+06
70750,1.71776e+06
71000,1.71776e+06
71250,1.71776e+06
71500,1.71776e+06
71750,1.71776e+06
72000,1.71776e+06
72250,1.71776e+06
72500,1.71776e+06
72750,1.71776e+06
73000,1.71776e+06
73250,1.71776e+06
73500,1.71776e+06
73750,1.71776e+06
74000,1.71776e+06
74250,1.71776e+06
74500,1.71776e+06
74750,1.71776e+06
75000,1.71776e+06
75250,1.71776e+06
75500,1.71776e+06
75750,1.71776e+06
76000,1.71776e+06
76250,1.71776e+06
76500,1.71776e+06
76750,1.71776e+06
77000,1.71776e+06
77250,1.71776e+06
77500,1.71776e+06
77750,1.71776e+06
78000,1.71776e+06
78250,1.71776e+06
78500,1.71776e+06
78750,1.71776e+06
79000,1.71776e+06
79250,1.71776e+06
79500,1.71776e+06
79750,1.71776e+06
80000,1.71776e+06
80250,1.71776e+06
80500,1.71776e+06
80750,1.71776e+06
81000,1.71776e+06
81250,1.71776e+06
81500,1.71776e+06
81750,1.71776e+06
82000,1.71776e+06
82250,1.71776e+06
82500,1.71776e+06
82750,1.71776e+06
83000,1.71776e+06
83250,1.71776e+06
83500,1.71776e+06
83750,1.71776e+06
84000,1.71776e+06
84250,1.71776e+06
84500,1.71776e+06
84750,1.71776e+06
85000,1.71776e+06
85250,1.71776e+06
85500,1.71776e+06
85750,1.71776e+06
86000,1.71776e+06
86250,1.71776e+06
86500,1.71776e+06
86750,1.71776e+06
87000,1.71776e+06
87250,1.71776e+06
87500,1.71776e+06
87750,1.71776e+06
88000,1.71776e+06
88250,1.71776e+06
88500,1.71776e+06
88750,1.71776e+06
89000,1.71776e+06
89250,1.71776e+06
89500,1.71776e+06
89750,1.71776e+06
90000,1.71776e+06
90250,1.71776e+06
90500,1.71776e+06
90750,1.71776e+06
91000,1.71776e+06
91250,1.71776e+06
91500,1.71776e+06
91750,1.71776e+06
92000,1.71776e+06
92250,1.71776e+06
92500,1.71776e+06
92750,1.71776e+06
93000,1.71776e+06
93250,1.71776e+06
93500,1.71776e+06
93750,1.71776e+06
94000,1.71776e+06
94250,1.71776e+06
94500,1.71776e+06
94750,1.71776e+06
95000,1.71776e+06
95250,1.71776e+06
95500,1.71776e+06
95750,1.71776e+06
96000,1.71776e+06
96250,1.71776e+06
96500,1.71776e+06
96750,1.71776e+06
97000,1.71776e+06
97250,1.71776e+06
97500,1.71776e+06
97750,1.71776e+06
98000,1.71776e+06
98250,1.71776e+06
98500,1.71776e+06
98750,1.71776e+06
99000,1.71776e+06
99250,1.71776e+06
99500,1.71776e+06
99750,1.71776e+06
Function Value: 1.71776e+06
0,1.60335e+10
250,1.60335e+10
500,1.60335e+10
750,1.60335e+10
1000,1.60335e+10
1250,1.60335e+10
1500,1.60335e+10
1750,1.60335e+10
2000,1.28823e+10
2250,1.18268e+10
2500,1.04578e+10
2750,8.58286e+09
3000,7.23691e+09
3250,6.32119e+09
3500,5.49036e+09
3750,4.9483e+09
4000,3.99785e+09
4250,3.41552e+09
4500,3.05416e+09
4750,2.6837e+09
5000,2.2422e+09
5250,1.97352e+09
5500,1.63358e+09
5750,1.47707e+09
6000,1.23754e+09
6250,1.04257e+09
6500,9.12131e+08
6750,7.92574e+08
7000,6.82345e+08
7250,5.5603e+08
7500,5.0025e+08
7750,4.51449e+08
8000,3.92085e+08
8250,3.31978e+08
8500,2.75289e+08
8750,2.34259e+08
9000,2.00726e+08
9250,1.78289e+08
9500,1.45922e+08
9750,1.26202e+08
10000,1.17761e+08
10250,9.36583e+07
10500,8.62293e+07
10750,7.5422e+07
11000,6.06339e+07
11250,5.3847e+07
11500,4.54912e+07
11750,3.84336e+07
12000,3.37613e+07
12250,2.78334e+07
12500,2.54955e+07
12750,2.09197e+07
13000,1.90565e+07
13250,1.62359e+07
13500,1.38221e+07
13750,1.20032e+07
14000,1.03959e+07
14250,9.14726e+06
14500,7.62345e+06
14750,6.38209e+06
15000,5.67903e+06
15250,4.93449e+06
15500,4.15841e+06
15750,3.60345e+06
16000,3.17293e+06
16250,2.55927e+06
16500,2.18986e+06
16750,2.0061e+06
17000,1.65859e+06
17250,1.45189e+06
17500,1.33005e+06
17750,1.14801e+06
18000,890190
18250,796757
18500,723322
18750,605788
19000,511335
19250,442742
19500,399225
19750,332948
20000,295936
20250,252154
20500,202196
20750,173635
21000,158387
21250,141206
21500,116179
21750,104807
22000,85126.5
22250,73041.3
22500,65280.2
22750,52472
23000,47993.8
23250,42123.8
23500,37264.8
23750,29082.2
24000,23144.2
24250,22474.3
24500,20083.5
24750,16951.2
25000,14748.8
25250,11667.5
25500,10612.2
25750,9822.34
26000,8474.11
26250,6970.97
26500,6499.35
26750,5335.01
27000,4793.02
27250,4043.2
27500,3606.25
27750,3171.21
28000,2805.67
28250,2597.5
28500,2311.89
28750,1997.94
29000,1805.36
29250,1578.12
29500,1398.81
29750,1331.16
30000,1230.16
30250,1102.85
30500,1040.86
30750,958.176
31000,887.83
31250,824.891
31500,797.486
31750,767.421
32000,725.477
32250,691.986
32500,667.197
32750,646.792
33000,625.148
33250,608.117
33500,594.25
33750,584.025
34000,574.577
34250,567.658
34500,557.203
34750,552.731
35000,544.689
35250,540.395
35500,534.515
35750,532.08
36000,527.659
36250,525.901
36500,524.081
36750,521.913
37000,519.63
37250,518.729
37500,517.403
37750,516.372
38000,515.396
38250,514.556
38500,513.895
38750,513.236
39000,512.668
39250,512.354
39500,511.884
39750,511.485
40000,511.213
40250,510.993
40500,510.823
40750,510.634
41000,510.501
41250,510.395
41500,510.222
41750,510.175
42000,510.088
42250,509.99
42500,509.947
42750,509.888
43000,509.833
43250,509.782
43500,509.745
43750,509.726
44000,509.712
44250,509.679
44500,509.653
44750,509.645
45000,509.624
45250,509.606
45500,509.594
45750,509.589
46000,509.577
46250,509.569
46500,509.56
46750,509.556
47000,509.548
47250,509.543
47500,509.54
47750,509.534
48000,509.53
48250,509.526
48500,509.524
48750,509.52
49000,509.517
49250,509.514
49500,509.51
49750,509.508
50000,509.505
50250,509.502
50500,509.499
50750,509.496
51000,509.492
51250,509.488
51500,509.466
51750,509.26
52000,508.727
52250,507.784
52500,506.434
52750,504.703
53000,502.543
53250,500.123
53500,497.313
53750,494.377
54000,491.105
54250,487.704
54500,484.187
54750,480.657
55000,477.175
55250,473.714
55500,470.221
55750,466.85
56000,463.415
56250,460.241
56500,457.097
56750,454.043
57000,451.184
57250,448.479
57500,445.859
57750,443.366
58000,441.114
58250,439.007
58500,436.988
58750,435.108
59000,433.324
59250,431.684
59500,430.223
59750,428.815
60000,427.527
60250,426.327
60500,425.224
60750,424.223
61000,423.302
61250,422.447
61500,421.679
61750,420.96
62000,420.322
62250,419.717
62500,419.155
62750,418.653
63000,418.194
63250,417.763
63500,417.362
63750,416.996
64000,416.672
64250,416.366
64500,416.086
64750,415.83
65000,415.604
65250,415.378
65500,415.189
65750,415.01
66000,414.846
66250,414.692
66500,414.551
66750,414.426
67000,414.309
67250,414.201
67500,414.1
67750,414.008
68000,413.925
68250,413.851
68500,413.778
68750,413.713
69000,413.654
69250,413.599
69500,413.547
69750,413.5
70000,413.457
70250,413.417
70500,413.38
70750,413.346
71000,413.315
71250,413.287
71500,413.26
71750,413.236
72000,413.213
72250,413.193
72500,413.174
72750,413.157
73000,413.14
73250,413.125
73500,413.111
73750,413.098
74000,413.086
74250,413.075
74500,413.065
74750,413.056
75000,413.047
75250,413.039
75500,413.032
75750,413.025
76000,413.019
76250,413.013
76500,413.008
76750,413.003
77000,412.998
77250,412.994
77500,412.99
77750,412.986
78000,412.983
78250,412.98
78500,412.977
78750,412.974
79000,412.972
79250,412.97
79500,412.967
79750,412.966
80000,412.964
80250,412.962
80500,412.961
80750,412.959
81000,412.958
81250,412.956
81500,412.955
81750,412.954
82000,412.953
82250,412.952
82500,412.952
82750,412.951
83000,412.95
83250,412.949
83500,412.949
83750,412.948
84000,412.948
84250,412.947
84500,412.947
84750,412.946
85000,412.946
85250,412.945
85500,412.945
85750,412.945
86000,412.945
86250,412.944
86500,412.944
86750,412.944
87000,412.944
87250,412.943
87500,412.943
87750,412.943
88000,412.943
88250,412.943
88500,412.943
88750,412.942
89000,412.942
89250,412.942
89500,412.942
89750,412.942
90000,412.942
90250,412.942
90500,412.942
90750,412.942
91000,412.942
91250,412.942
91500,412.942
91750,412.942
92000,412.941
92250,412.941
92500,412.941
92750,412.941
93000,412.941
93250,412.941
93500,412.941
93750,412.941
94000,412.941
94250,412.941
94500,412.941
94750,412.941
95000,412.941
95250,412.941
95500,412.941
95750,412.941
96000,412.941
96250,412.941
96500,412.941
96750,412.941
97000,412.941
97250,412.941
97500,412.941
97750,412.941
98000,412.941
98250,412.941
98500,412.941
98750,412.941
99000,412.941
99250,412.941
99500,412.941
99750,412.941
Function Value: 412.941
0,1.63446e+08
250,1.63446e+08
500,1.63446e+08
750,1.63446e+08
1000,1.63446e+08
1250,1.63446e+08
1500,1.63446e+08
1750,1.63446e+08
2000,1.63446e+08
2250,1.48776e+08
2500,1.26376e+08
2750,1.11778e+08
3000,9.11688e+07
3250,8.62673e+07
3500,6.88656e+07
3750,6.03648e+07
4000,5.56124e+07
4250,4.36992e+07
4500,3.86611e+07
4750,3.28387e+07
5000,2.67479e+07
5250,2.60133e+07
5500,2.05537e+07
5750,1.79621e+07
6000,1.54791e+07
6250,1.38845e+07
6500,1.15967e+07
6750,9.49624e+06
7000,9.12388e+06
7250,7.62569e+06
7500,6.40821e+06
7750,5.23227e+06
8000,4.43886e+06
8250,4.04373e+06
8500,3.54272e+06
8750,3.17329e+06
9000,2.58942e+06
9250,2.24801e+06
9500,1.82016e+06
9750,1.60586e+06
10000,1.39134e+06
10250,1.3276e+06
10500,1.11332e+06
10750,856785
11000,804451
11250,689682
11500,610278
11750,500384
12000,423580
12250,360836
12500,305102
12750,277836
13000,234394
13250,202566
13500,167411
13750,146626
14000,131819
14250,111449
14500,96405.2
14750,82974.9
15000,66170
15250,62940.5
15500,54547.7
15750,43521.9
16000,38470.8
16250,32951.6
16500,29148.3
16750,24753
17000,20290.7
17250,18556
17500,15877
17750,13441.5
18000,12142.8
18250,10243.3
18500,8912.94
18750,7454.35
19000,6453.73
19250,5615.31
19500,4971.1
19750,3812.67
20000,3360.95
20250,2999.27
20500,2629.95
20750,2231.26
21000,1977.59
21250,1703.73
21500,1505.51
21750,1235.26
22000,1057.29
22250,894.996
22500,764.414
22750,699.158
23000,557.532
23250,514.055
23500,453.516
23750,367.181
24000,326.378
24250,270.038
24500,252.36
24750,204.444
25000,174.675
25250,153.803
25500,121.779
25750,116.105
26000,97.7541
26250,77.7939
26500,71.4621
26750,62.4797
27000,54.1051
27250,45.5177
27500,39.8792
27750,31.7587
28000,30.2107
28250,23.2798
28500,21.416
28750,19.472
29000,16.4577
29250,14.1579
29500,11.8351
29750,9.42389
30000,8.74791
30250,7.78941
30500,6.44377
30750,5.53461
31000,5.1208
31250,4.24733
31500,3.79374
31750,3.1989
32000,2.68866
32250,2.35691
32500,1.90535
32750,1.81765
33000,1.49376
33250,1.3966
33500,1.19577
33750,1.03739
34000,0.905996
34250,0.756904
34500,0.678181
34750,0.573429
35000,0.511511
35250,0.427045
35500,0.393334
35750,0.354976
36000,0.334099
36250,0.288402
36500,0.250477
36750,0.239517
37000,0.208209
37250,0.197135
37500,0.181835
37750,0.167172
38000,0.152141
38250,0.146466
38500,0.139147
38750,0.128405
39000,0.12349
39250,0.115776
39500,0.113622
39750,0.10944
40000,0.107137
40250,0.100814
40500,0.0990581
40750,0.0974437
41000,0.0949197
41250,0.0931171
41500,0.0917139
41750,0.091022
42000,0.0894926
42250,0.0885367
42500,0.0876564
42750,0.0870602
43000,0.0866988
43250,0.0860101
43500,0.0856718
43750,0.0851095
44000,0.084885
44250,0.0844434
44500,0.0841984
44750,0.0840471
45000,0.0838792
45250,0.0836429
45500,0.0834978
45750,0.0833435
46000,0.0832134
46250,0.083165
46500,0.0830254
46750,0.0829799
47000,0.0828642
47250,0.0828059
47500,0.0827243
47750,0.082707
48000,0.0826366
48250,0.0825905
48500,0.0825595
48750,0.0825153
49000,0.0824683
49250,0.0824333
49500,0.0824037
49750,0.0823755
50000,0.0823312
50250,0.0823028
50500,0.0822662
50750,0.0822327
51000,0.0821909
51250,0.0821608
51500,0.082107
51750,0.0819972
52000,0.0810794
52250,0.0778466
52500,0.0716642
52750,0.0635771
53000,0.0537745
53250,0.0440195
53500,0.0353989
53750,0.0281844
54000,0.0229542
54250,0.0193834
54500,0.017149
54750,0.0158383
55000,0.0151521
55250,0.0148295
55500,0.0147152
55750,0.0146838
56000,0.0146685
56250,0.0146098
56500,0.0143954
56750,0.0139442
57000,0.0132945
57250,0.0124812
57500,0.0115256
57750,0.0104664
58000,0.00941714
58250,0.00844384
58500,0.00757924
58750,0.00685347
59000,0.0062438
59250,0.00577334
59500,0.00540703
59750,0.00514288
60000,0.00494768
60250,0.00481528
60500,0.00472634
60750,0.00466846
61000,0.00463349
61250,0.00461358
61500,0.00460389
61750,0.00459966
62000,0.00459753
62250,0.00459436
62500,0.00458674
62750,0.00457301
63000,0.00455188
63250,0.00452371
63500,0.00448859
63750,0.00444757
64000,0.00440139
64250,0.00435153
64500,0.00429752
64750,0.0042404
65000,0.00418248
65250,0.00412346
65500,0.0040659
65750,0.00400867
66000,0.00395293
66250,0.00389719
66500,0.00384447
66750,0.00379417
67000,0.0037467
67250,0.00370231
67500,0.00366158
67750,0.00362394
68000,0.00358862
68250,0.00355673
68500,0.00352733
68750,0.00350042
69000,0.00347647
69250,0.00345447
69500,0.00343372
69750,0.00341535
70000,0.00339944
70250,0.00338481
70500,0.00337145
70750,0.00335965
71000,0.00334883
71250,0.00333908
71500,0.00333047
71750,0.00332253
72000,0.00331544
72250,0.00330908
72500,0.00330345
72750,0.00329843
73000,0.00329382
73250,0.00328973
73500,0.00328611
73750,0.00328275
74000,0.00327979
74250,0.00327705
74500,0.00327467
74750,0.00327251
75000,0.00327055
75250,0.00326879
75500,0.00326718
75750,0.00326578
76000,0.00326449
76250,0.00326332
76500,0.00326229
76750,0.00326135
77000,0.0032605
77250,0.00325974
77500,0.00325904
77750,0.00325842
78000,0.00325785
78250,0.00325732
78500,0.00325685
78750,0.00325642
79000,0.00325604
79250,0.00325569
79500,0.00325537
79750,0.00325509
80000,0.00325483
80250,0.00325458
80500,0.00325437
80750,0.00325417
81000,0.003254
81250,0.00325383
81500,0.00325368
81750,0.00325354
82000,0.00325341
82250,0.0032533
82500,0.00325319
82750,0.00325309
83000,0.00325301
83250,0.00325293
83500,0.00325286
83750,0.00325279
84000,0.00325273
84250,0.00325267
84500,0.00325262
84750,0.00325257
85000,0.00325253
85250,0.00325249
85500,0.00325245
85750,0.00325242
86000,0.00325239
86250,0.00325236
86500,0.00325234
86750,0.00325231
87000,0.00325229
87250,0.00325227
87500,0.00325225
87750,0.00325223
88000,0.00325222
88250,0.0032522
88500,0.00325219
88750,0.00325218
89000,0.00325217
89250,0.00325216
89500,0.00325215
89750,0.00325214
90000,0.00325213
90250,0.00325212
90500,0.00325212
90750,0.00325211
91000,0.0032521
91250,0.0032521
91500,0.00325209
91750,0.00325209
92000,0.00325208
92250,0.00325208
92500,0.00325208
92750,0.00325207
93000,0.00325207
93250,0.00325207
93500,0.00325206
93750,0.00325206
94000,0.00325206
94250,0.00325206
94500,0.00325205
94750,0.00325205
95000,0.00325205
95250,0.00325205
95500,0.00325205
95750,0.00325205
96000,0.00325205
96250,0.00325204
96500,0.00325204
96750,0.00325204
97000,0.00325204
97250,0.00325204
97500,0.00325204
97750,0.00325204
98000,0.00325204
98250,0.00325204
98500,0.00325204
98750,0.00325204
99000,0.00325204
99250,0.00325204
99500,0.00325204
99750,0.00325204
Function Value: 0.00325203
0,45713.7
250,45713.7
500,45713.7
750,45713.7
1000,45713.7
1250,45713.7
1500,45713.7
1750,45713.7
2000,45713.7
2250,45713.7
2500,45713.7
2750,45713.7
3000,45713.7
3250,45713.7
3500,45713.7
3750,45713.7
4000,45713.7
4250,45713.7
4500,45713.7
4750,45713.7
5000,45713.7
5250,45713.7
5500,45713.7
5750,45713.7
6000,45713.7
6250,45713.7
6500,45713.7
6750,45713.7
7000,45713.7
7250,45713.7
7500,45713.7
7750,45713.7
8000,45713.7
8250,45713.7
8500,45713.7
8750,45713.7
9000,45713.7
9250,45713.7
9500,45713.7
9750,45713.7
10000,45713.7
10250,45713.7
10500,45713.7
10750,45713.7
11000,45713.7
11250,45713.7
11500,45713.7
11750,45713.7
12000,45713.7
12250,45713.7
12500,45713.7
12750,45713.7
13000,45713.7
13250,45713.7
13500,45713.7
13750,45713.7
14000,45713.7
14250,45713.7
14500,45713.7
14750,45713.7
15000,45713.7
15250,45713.7
15500,45713.7
15750,45713.7
16000,45713.7
16250,45713.7
16500,45713.7
16750,45713.7
17000,45713.7
17250,45713.7
17500,45713.7
17750,45713.7
18000,45713.7
18250,45713.7
18500,45713.7
18750,45713.7
19000,45713.7
19250,45713.7
19500,45713.7
19750,45713.7
20000,45713.7
20250,45713.7
20500,45713.7
20750,45713.7
21000,45713.7
21250,45713.7
21500,45713.7
21750,45713.7
22000,45713.7
22250,45713.7
22500,45713.7
22750,45713.7
23000,45713.7
23250,45713.7
23500,45713.7
23750,45713.7
24000,45713.7
24250,45713.7
24500,45713.7
24750,45713.7
25000,45713.7
25250,45713.7
25500,45713.7
25750,45713.7
26000,45713.7
26250,45713.7
26500,45713.7
26750,45713.7
27000,45713.7
27250,45713.7
27500,45713.7
27750,45713.7
28000,45713.7
28250,45713.7
28500,45713.7
28750,45713.7
29000,45713.7
29250,45713.7
29500,45713.7
29750,45713.7
30000,45713.7
30250,45713.7
30500,45713.7
30750,45713.7
31000,45713.7
31250,45713.7
31500,45713.7
31750,45713.7
32000,45713.7
32250,45713.7
32500,45713.7
32750,45713.7
33000,45713.7
33250,45713.7
33500,45713.7
33750,45713.7
34000,45713.7
34250,45713.7
34500,45713.7
34750,45713.7
35000,45713.7
35250,45713.7
35500,45713.7
35750,45713.7
36000,45713.7
36250,45713.7
36500,45713.7
36750,45713.7
37000,45713.7
37250,45713.7
37500,45713.7
37750,45713.7
38000,45713.7
38250,45713.7
38500,45713.7
38750,45713.7
39000,45713.7
39250,45713.7
39500,45713.7
39750,45713.7
40000,45713.7
40250,45713.7
40500,45713.7
40750,45713.7
41000,45713.7
41250,45713.7
41500,45713.7
41750,45713.7
42000,45713.7
42250,45713.7
42500,45713.7
42750,45713.7
43000,45713.7
43250,45713.7
43500,45713.7
43750,45713.7
44000,45713.7
44250,45713.7
44500,45713.7
44750,45713.7
45000,45713.7
45250,45713.7
45500,45713.7
45750,45713.7
46000,45713.7
46250,45713.7
46500,45713.7
46750,45713.7
47000,45713.7
47250,45713.7
47500,45713.7
47750,45713.7
48000,45713.7
48250,45713.7
48500,45713.7
48750,45713.7
49000,45713.7
49250,45713.7
49500,45713.7
49750,45713.7
50000,45713.7
50250,45713.7
50500,45713.7
50750,45713.7
51000,45713.7
51250,45713.7
51500,45713.7
51750,45713.7
52000,45713.7
52250,45713.7
52500,45713.7
52750,45713.7
53000,45713.7
53250,45713.7
53500,45713.7
53750,45713.7
54000,45713.7
54250,45713.7
54500,45713.7
54750,45713.7
55000,45713.7
55250,45713.7
55500,45713.7
55750,45713.7
56000,45713.7
56250,45713.7
56500,45713.7
56750,45713.7
57000,45713.7
57250,45713.7
57500,45713.7
57750,45713.7
58000,45713.7
58250,45713.7
58500,45713.7
58750,45713.7
59000,45713.7
59250,45713.7
59500,45713.7
59750,45713.7
60000,45713.7
60250,45713.7
60500,45713.7
60750,45713.7
61000,45713.7
61250,45713.7
61500,45713.7
61750,45713.7
62000,45713.7
62250,45713.7
62500,45713.7
62750,45713.7
63000,45713.7
63250,45713.7
63500,45713.7
63750,45713.7
64000,45713.7
64250,45713.7
64500,45713.7
64750,45713.7
65000,45713.7
65250,45713.7
65500,45713.7
65750,45713.7
66000,45713.7
66250,45713.7
66500,45713.7
66750,45713.7
67000,45713.7
67250,45713.7
67500,45713.7
67750,45713.7
68000,45713.7
68250,45713.7
68500,45713.7
68750,45713.7
69000,45713.7
69250,45713.7
69500,45713.7
69750,45713.7
70000,45713.7
70250,45713.7
70500,45713.7
70750,45713.7
71000,45713.7
71250,45713.7
71500,45713.7
71750,45713.7
72000,45713.7
72250,45713.7
72500,45713.7
72750,45713.7
73000,45713.7
73250,45713.7
73500,45713.7
73750,45713.7
74000,45713.7
74250,45713.7
74500,45713.7
74750,45713.7
75000,45713.7
75250,45713.7
75500,45713.7
75750,45713.7
76000,45713.7
76250,45713.7
76500,45713.7
76750,45713.7
77000,45713.7
77250,45713.7
77500,45713.7
77750,45713.7
78000,45713.7
78250,45713.7
78500,45713.7
78750,45713.7
79000,45713.7
79250,45713.7
79500,45713.7
79750,45713.7
80000,45713.7
80250,45713.7
80500,45713.7
80750,45713.7
81000,45713.7
81250,45713.7
81500,45713.7
81750,45713.7
82000,45713.7
82250,45713.7
82500,45713.7
82750,45713.7
83000,45713.7
83250,45713.7
83500,45713.7
83750,45713.7
84000,45713.7
84250,45713.7
84500,45713.7
84750,45713.7
85000,45713.7
85250,45713.7
85500,45713.7
85750,45713.7
86000,45713.7
86250,45713.7
86500,45713.7
86750,45713.7
87000,45713.7
87250,45713.7
87500,45713.7
87750,45713.7
88000,45713.7
88250,45713.7
88500,45713.7
88750,45713.7
89000,45713.7
89250,45713.7
89500,45713.7
89750,45713.7
90000,45713.7
90250,45713.7
90500,45713.7
90750,45713.7
91000,45713.7
91250,45713.7
91500,45713.7
91750,45713.7
92000,45713.7
92250,45713.7
92500,45713.7
92750,45713.7
93000,45713.7
93250,45713.7
93500,45713.7
93750,45713.7
94000,45713.7
94250,45713.7
94500,45713.7
94750,45713.7
95000,45713.7
95250,45713.7
95500,45713.7
95750,45713.7
96000,45713.7
96250,45713.7
96500,45713.7
96750,45713.7
97000,45713.7
97250,45713.7
97500,45713.7
97750,45713.7
98000,45713.7
98250,45713.7
98500,45713.7
98750,45713.7
99000,45713.7
99250,45713.7
99500,45713.7
99750,45713.7
Function Value: 45713.7
0,7.88309e+10
250,7.88309e+10
500,7.88309e+10
750,7.88309e+10
1000,7.88309e+10
1250,7.88309e+10
1500,7.88309e+10
1750,7.88309e+10
2000,7.88309e+10
2250,7.4727e+10
2500,5.27205e+10
2750,4.18561e+10
3000,2.71697e+10
3250,2.29334e+10
3500,1.54664e+10
3750,1.32481e+10
4000,9.47692e+09
4250,6.96878e+09
4500,5.68692e+09
4750,3.61004e+09
5000,3.1857e+09
5250,2.32784e+09
5500,1.43212e+09
5750,1.0532e+09
6000,8.60284e+08
6250,7.59075e+08
6500,4.9833e+08
6750,3.53599e+08
7000,2.96294e+08
7250,2.20709e+08
7500,1.92404e+08
7750,1.49127e+08
8000,1.0649e+08
8250,8.44019e+07
8500,6.11963e+07
8750,5.02952e+07
9000,3.81859e+07
9250,2.73545e+07
9500,2.36679e+07
9750,1.67002e+07
10000,1.35512e+07
10250,9.87183e+06
10500,7.76361e+06
10750,6.43505e+06
11000,4.65588e+06
11250,3.34313e+06
11500,2.72911e+06
11750,1.95707e+06
12000,1.57851e+06
12250,1.19535e+06
12500,889462
12750,687576
13000,504319
13250,348358
13500,273289
13750,206724
14000,153364
14250,112068
14500,81533.2
14750,61670.6
15000,43749
15250,31801.3
15500,26659.7
15750,19574.5
16000,14472.7
16250,10755.7
16500,8435.45
16750,6211.64
17000,4743.97
17250,3142.72
17500,2473.1
17750,1860.63
18000,1406.16
18250,1020.93
18500,767.361
18750,523.081
19000,424.793
19250,316.093
19500,237.217
19750,168.343
20000,115.477
20250,94.9865
20500,65.9827
20750,51.2152
21000,35.7244
21250,26.821
21500,19.1875
21750,14.9338
22000,11.2291
22250,8.15753
22500,5.86875
22750,4.54204
23000,3.66393
23250,2.48409
23500,1.80441
23750,1.28317
24000,1.01595
24250,0.699736
24500,0.554812
24750,0.412796
25000,0.291553
25250,0.203826
25500,0.162664
25750,0.119027
26000,0.0852556
26250,0.0637189
26500,0.0451695
26750,0.0328319
27000,0.0253432
27250,0.0188727
27500,0.0142216
27750,0.01057
28000,0.0072427
28250,0.0053819
28500,0.00434771
28750,0.00339636
29000,0.00250529
29250,0.00181477
29500,0.00124331
Function Value: 0.000992147
0,1.07173e+08
250,1.07173e+08
500,1.07173e+08
750,1.07173e+08
1000,1.07173e+08
1250,1.07173e+08
1500,1.07173e+08
1750,1.07173e+08
2000,1.07173e+08
2250,1.02589e+08
2500,7.04195e+07
2750,4.4434e+07
3000,3.4355e+07
3250,2.81643e+07
3500,2.25962e+07
3750,1.65233e+07
4000,1.19397e+07
4250,9.12234e+06
4500,6.69278e+06
4750,4.5975e+06
5000,4.1401e+06
5250,2.62367e+06
5500,2.29046e+06
5750,1.77042e+06
6000,1.24173e+06
6250,849399
6500,665434
6750,498046
7000,326376
7250,306709
7500,198039
7750,178720
8000,132738
8250,108127
8500,86402
8750,63455.7
9000,54512.1
9250,44799.4
9500,35481.4
9750,30059.9
10000,23623.6
10250,21202.6
10500,17572.9
10750,13305.5
11000,11624.8
11250,9610.37
11500,8277.44
11750,7474.88
12000,6314.3
12250,5378.72
12500,4420.23
12750,4070.2
13000,3606.9
13250,2951.84
13500,2539.95
13750,2441.4
14000,2210.47
14250,1852.84
14500,1786.58
14750,1603.68
15000,1465.76
15250,1342.25
15500,1251.96
15750,1138.25
16000,1054.21
16250,992.231
16500,931.64
16750,873.852
17000,840.511
17250,793.783
17500,780.132
17750,744.651
18000,726.828
18250,707.182
18500,684.708
18750,673.412
19000,657.879
19250,647.415
19500,635.193
19750,631.66
20000,622.795
20250,620.987
20500,614.221
20750,606.665
21000,603.666
21250,601.421
21500,596.879
21750,595.51
22000,594.557
22250,590.029
22500,588.616
22750,587.144
23000,585.571
23250,584.269
23500,583.49
23750,581.92
24000,581.579
24250,580.743
24500,580.063
24750,579.815
25000,579.401
25250,578.983
25500,578.707
25750,578.374
26000,578.147
26250,577.876
26500,577.644
26750,577.366
27000,577.035
27250,576.657
27500,576.452
27750,576.115
28000,575.823
28250,575.488
28500,575.188
28750,574.991
29000,574.863
29250,574.715
29500,574.639
29750,574.533
30000,574.429
30250,574.325
30500,574.249
30750,574.14
31000,574.012
31250,573.57
31500,571.848
31750,571.209
32000,570.231
32250,568.809
32500,568.1
32750,567.468
33000,566.456
33250,565.356
33500,564.522
33750,563.966
34000,563.389
34250,562.611
34500,561.784
34750,560.997
35000,560.302
35250,559.757
35500,559.308
35750,558.79
36000,558.197
36250,557.596
36500,557.036
36750,556.485
37000,555.962
37250,555.512
37500,555.131
37750,554.817
38000,554.503
38250,554.178
38500,553.852
38750,553.521
39000,553.176
39250,552.853
39500,552.531
39750,552.244
40000,551.972
40250,551.705
40500,551.437
40750,551.181
41000,550.945
41250,550.737
41500,550.547
41750,550.376
42000,550.216
42250,550.063
42500,549.918
42750,549.787
43000,549.668
43250,549.562
43500,549.459
43750,549.366
44000,549.27
44250,549.172
44500,549.073
44750,548.972
45000,548.872
45250,548.778
45500,548.691
45750,548.61
46000,548.537
46250,548.471
46500,548.412
46750,548.359
47000,548.308
47250,548.262
47500,548.219
47750,548.178
48000,548.139
48250,548.1
48500,548.064
48750,548.03
49000,547.996
49250,547.965
49500,547.935
49750,547.906
50000,547.879
50250,547.853
50500,547.829
50750,547.806
51000,547.785
51250,547.766
51500,547.748
51750,547.732
52000,547.717
52250,547.703
52500,547.69
52750,547.679
53000,547.668
53250,547.658
53500,547.649
53750,547.641
54000,547.634
54250,547.627
54500,547.62
54750,547.614
55000,547.609
55250,547.603
55500,547.599
55750,547.594
56000,547.59
56250,547.587
56500,547.583
56750,547.58
57000,547.577
57250,547.574
57500,547.571
57750,547.568
58000,547.566
58250,547.564
58500,547.562
58750,547.56
59000,547.558
59250,547.557
59500,547.555
59750,547.554
60000,547.552
60250,547.551
60500,547.55
60750,547.549
61000,547.548
61250,547.547
61500,547.546
61750,547.545
62000,547.544
62250,547.543
62500,547.543
62750,547.542
63000,547.541
63250,547.541
63500,547.54
63750,547.54
64000,547.539
64250,547.539
64500,547.539
64750,547.538
65000,547.538
65250,547.538
65500,547.537
65750,547.537
66000,547.537
66250,547.536
66500,547.536
66750,547.536
67000,547.536
67250,547.536
67500,547.536
67750,547.535
68000,547.535
68250,547.535
68500,547.535
68750,547.535
69000,547.535
69250,547.535
69500,547.535
69750,547.534
70000,547.534
70250,547.534
70500,547.534
70750,547.534
71000,547.534
71250,547.534
71500,547.534
71750,547.534
72000,547.534
72250,547.534
72500,547.534
72750,547.534
73000,547.534
73250,547.534
73500,547.534
73750,547.534
74000,547.534
74250,547.534
74500,547.534
74750,547.534
75000,547.534
75250,547.534
75500,547.533
75750,547.533
76000,547.533
76250,547.533
76500,547.533
76750,547.533
77000,547.533
77250,547.533
77500,547.533
77750,547.533
78000,547.533
78250,547.533
78500,547.533
78750,547.533
79000,547.533
79250,547.533
79500,547.533
79750,547.533
80000,547.533
80250,547.533
80500,547.533
80750,547.533
81000,547.533
81250,547.533
81500,547.533
81750,547.533
82000,547.533
82250,547.533
82500,547.533
82750,547.533
83000,547.533
83250,547.533
83500,547.533
83750,547.533
84000,547.533
84250,547.533
84500,547.533
84750,547.533
85000,547.533
85250,547.533
85500,547.533
85750,547.533
86000,547.533
86250,547.533
86500,547.533
86750,547.533
87000,547.533
87250,547.533
87500,547.533
87750,547.533
88000,547.533
88250,547.533
88500,547.533
88750,547.533
89000,547.533
89250,547.533
89500,547.533
89750,547.533
90000,547.533
90250,547.533
90500,547.533
90750,547.533
91000,547.533
91250,547.533
91500,547.533
91750,547.533
92000,547.533
92250,547.533
92500,547.533
92750,547.533
93000,547.533
93250,547.533
93500,547.533
93750,547.533
94000,547.533
94250,547.533
94500,547.533
94750,547.533
95000,547.533
95250,547.533
95500,547.533
95750,547.533
96000,547.533
96250,547.533
96500,547.533
96750,547.533
97000,547.533
97250,547.533
97500,547.533
97750,547.533
98000,547.533
98250,547.533
98500,547.533
98750,547.533
99000,547.533
99250,547.533
99500,547.533
99750,547.533
Function Value: 547.533
